DATA CLEANING REPORT

              age        Medu        Fedu  traveltime   studytime    failures  ...        Walc      health    absences          G1          G2          G3
count  395.000000  395.000000  395.000000  395.000000  395.000000  395.000000  ...  395.000000  395.000000  395.000000  395.000000  395.000000  395.000000
mean    16.696203    2.749367    2.521519    1.448101    2.035443    0.334177  ...    2.291139    3.554430    5.708861   10.908861   10.713924   10.415190
std      1.276043    1.094735    1.088201    0.697505    0.839240    0.743651  ...    1.287897    1.390303    8.003096    3.319195    3.761505    4.581443
min     15.000000    0.000000    0.000000    1.000000    1.000000    0.000000  ...    1.000000    1.000000    0.000000    3.000000    0.000000    0.000000
25%     16.000000    2.000000    2.000000    1.000000    1.000000    0.000000  ...    1.000000    3.000000    0.000000    8.000000    9.000000    8.000000
50%     17.000000    3.000000    2.000000    1.000000    2.000000    0.000000  ...    2.000000    4.000000    4.000000   11.000000   11.000000   11.000000
75%     18.000000    4.000000    3.000000    2.000000    2.000000    0.000000  ...    3.000000    5.000000    8.000000   13.000000   13.000000   14.000000
max     22.000000    4.000000    4.000000    4.000000    4.000000    3.000000  ...    5.000000    5.000000   75.000000   19.000000   19.000000   20.000000

[8 rows x 16 columns]